0.000000 0.000000
0.002000 0.000000
0.004000 0.000000
0.006000 0.000000
0.008000 0.000000
0.010000 0.000000
0.012000 0.000000
0.014000 0.000000
0.016000 0.000000
0.018000 0.000000
0.020000 0.000000
0.022000 0.000000
0.024000 0.000000
0.026000 0.000000
0.028000 0.000000
0.030000 0.000000
0.032000 0.000000
0.034000 0.000000
0.036000 0.000000
0.038000 0.000000
0.040000 0.000000
0.042000 0.000000
0.044000 0.000000
0.046000 0.000000
0.048000 0.000000
0.050000 0.000000
0.052000 0.000000
0.054000 0.000000
0.056000 0.000000
0.058000 0.000000
0.060000 0.000000
0.062000 0.000000
0.064000 0.000000
0.066000 0.000000
0.068000 0.000000
0.070000 0.000000
0.072000 0.000000
0.074000 0.000000
0.076000 0.000000
0.078000 0.000000
0.080000 0.000000
0.082000 0.000000
0.084000 0.000000
0.086000 0.000000
0.088000 0.000000
0.090000 0.000000
0.092000 0.000000
0.094000 0.000000
0.096000 0.000000
0.098000 0.000000
0.100000 0.000000
0.102000 0.000000
0.104000 0.000000
0.106000 0.000000
0.108000 0.000000
0.110000 0.000000
0.112000 0.000000
0.114000 0.000000
0.116000 0.000000
0.118000 0.000000
0.120000 0.000000
0.122000 0.000000
0.124000 0.000000
0.126000 0.000000
0.128000 0.000000
0.130000 0.000000
0.132000 0.000000
0.134000 0.000000
0.136000 0.000000
0.138000 0.000000
0.140000 0.000000
0.142000 0.000000
0.144000 0.000000
0.146000 0.000000
0.148000 0.000000
0.150000 0.000000
0.152000 0.000000
0.154000 0.000000
0.156000 0.000000
0.158000 0.000000
0.160000 0.000000
0.162000 0.000000
0.164000 0.000000
0.166000 0.000000
0.168000 0.000000
0.170000 0.000000
0.172000 0.000000
0.174000 0.000000
0.176000 0.000000
0.178000 0.000000
0.180000 0.000000
0.182000 0.000000
0.184000 0.000000
0.186000 0.000000
0.188000 0.000000
0.190000 0.000000
0.192000 0.000000
0.194000 0.000000
0.196000 0.000000
0.198000 0.000000
0.200000 0.000000
0.202000 0.000000
0.204000 0.000000
0.206000 0.000000
0.208000 0.000000
0.210000 0.000000
0.212000 0.000000
0.214000 0.000000
0.216000 0.000000
0.218000 0.000000
0.220000 0.000000
0.222000 0.000000
0.224000 0.000000
0.226000 0.000000
0.228000 0.000000
0.230000 0.000000
0.232000 0.000000
0.234000 0.000000
0.236000 0.000000
0.238000 0.000000
0.240000 0.000000
0.242000 0.000000
0.244000 0.000000
0.246000 0.000000
0.248000 0.000000
0.250000 0.000000
0.252000 0.000000
0.254000 0.000000
0.256000 0.000000
0.258000 0.000000
0.260000 0.000000
0.262000 0.000000
0.264000 0.000000
0.266000 0.000000
0.268000 0.000000
0.270000 0.000000
0.272000 0.000000
0.274000 0.000000
0.276000 0.000000
0.278000 0.000000
0.280000 0.000000
0.282000 0.000000
0.284000 0.000000
0.286000 0.000000
0.288000 0.000000
0.290000 0.000000
0.292000 0.000000
0.294000 0.000000
0.296000 0.000000
0.298000 0.000000
0.300000 0.000000
0.302000 0.000000
0.304000 0.000000
0.306000 0.000000
0.308000 0.000000
0.310000 0.000000
0.312000 0.000000
0.314000 0.000000
0.316000 0.000000
0.318000 0.000000
0.320000 0.000000
0.322000 0.000000
0.324000 0.000000
0.326000 0.000000
0.328000 0.000000
0.330000 0.000000
0.332000 0.000000
0.334000 0.000000
0.336000 0.000000
0.338000 0.000000
0.340000 0.000000
0.342000 0.000000
0.344000 0.000000
0.346000 0.000000
0.348000 0.000000
0.350000 0.000000
0.352000 0.000000
0.354000 0.000000
0.356000 0.000000
0.358000 0.000000
0.360000 0.000000
0.362000 0.000000
0.364000 0.000000
0.366000 0.000000
0.368000 0.000000
0.370000 0.000000
0.372000 0.000000
0.374000 0.000000
0.376000 0.000000
0.378000 0.000000
0.380000 0.000000
0.382000 0.000000
0.384000 0.000000
0.386000 0.000000
0.388000 0.000000
0.390000 0.000000
0.392000 0.000000
0.394000 0.000000
0.396000 0.000000
0.398000 0.000000
0.400000 0.000000
0.402000 0.000000
0.404000 0.000026
0.406000 0.000235
0.408000 0.000647
0.410000 0.001260
0.412000 0.002069
0.414000 0.003070
0.416000 0.004258
0.418000 0.005630
0.420000 0.007181
0.422000 0.008907
0.424000 0.010804
0.426000 0.012868
0.428000 0.015094
0.430000 0.017479
0.432000 0.020017
0.434000 0.022706
0.436000 0.025541
0.438000 0.028517
0.440000 0.031630
0.442000 0.034877
0.444000 0.038253
0.446000 0.041754
0.448000 0.045375
0.450000 0.049113
0.452000 0.052964
0.454000 0.056922
0.456000 0.060985
0.458000 0.065147
0.460000 0.069405
0.462000 0.073754
0.464000 0.078191
0.466000 0.082710
0.468000 0.087309
0.470000 0.091982
0.472000 0.096726
0.474000 0.101536
0.476000 0.106408
0.478000 0.111338
0.480000 0.116322
0.482000 0.121355
0.484000 0.126434
0.486000 0.131554
0.488000 0.136712
0.490000 0.141902
0.492000 0.147120
0.494000 0.152364
0.496000 0.157627
0.498000 0.162907
0.500000 0.168199
0.502000 0.173498
0.504000 0.178801
0.506000 0.184104
0.508000 0.189401
0.510000 0.194690
0.512000 0.199966
0.514000 0.205224
0.516000 0.210461
0.518000 0.215672
0.520000 0.220853
0.522000 0.226000
0.524000 0.231259
0.526000 0.236773
0.528000 0.242532
0.530000 0.248527
0.532000 0.254748
0.534000 0.261186
0.536000 0.267832
0.538000 0.274677
0.540000 0.281710
0.542000 0.288924
0.544000 0.296307
0.546000 0.303851
0.548000 0.311547
0.550000 0.319385
0.552000 0.327355
0.554000 0.335449
0.556000 0.343657
0.558000 0.351970
0.560000 0.360378
0.562000 0.368871
0.564000 0.377442
0.566000 0.386079
0.568000 0.394774
0.570000 0.403518
0.572000 0.412300
0.574000 0.421113
0.576000 0.429945
0.578000 0.438789
0.580000 0.447634
0.582000 0.456471
0.584000 0.465290
0.586000 0.474084
0.588000 0.482841
0.590000 0.491553
0.592000 0.500210
0.594000 0.508803
0.596000 0.517323
0.598000 0.525760
0.600000 0.534105
0.602000 0.542348
0.604000 0.550480
0.606000 0.558492
0.608000 0.566374
0.610000 0.574117
0.612000 0.581712
0.614000 0.589148
0.616000 0.596418
0.618000 0.603511
0.620000 0.610418
0.622000 0.617130
0.624000 0.623637
0.626000 0.629930
0.628000 0.636000
0.630000 0.641967
0.632000 0.647956
0.634000 0.653960
0.636000 0.659977
0.638000 0.666000
0.640000 0.672024
0.642000 0.678046
0.644000 0.684059
0.646000 0.690060
0.648000 0.696042
0.650000 0.702002
0.652000 0.707933
0.654000 0.713832
0.656000 0.719694
0.658000 0.725513
0.660000 0.731285
0.662000 0.737004
0.664000 0.742667
0.666000 0.748267
0.668000 0.753800
0.670000 0.759261
0.672000 0.764646
0.674000 0.769948
0.676000 0.775165
0.678000 0.780289
0.680000 0.785317
0.682000 0.790244
0.684000 0.795064
0.686000 0.799774
0.688000 0.804367
0.690000 0.808839
0.692000 0.813186
0.694000 0.817401
0.696000 0.821481
0.698000 0.825420
0.700000 0.829214
0.702000 0.832857
0.704000 0.836345
0.706000 0.839673
0.708000 0.842836
0.710000 0.845828
0.712000 0.848646
0.714000 0.851284
0.716000 0.853737
0.718000 0.856000
0.720000 0.858152
0.722000 0.860273
0.724000 0.862364
0.726000 0.864426
0.728000 0.866458
0.730000 0.868461
0.732000 0.870435
0.734000 0.872380
0.736000 0.874297
0.738000 0.876186
0.740000 0.878048
0.742000 0.879882
0.744000 0.881688
0.746000 0.883468
0.748000 0.885221
0.750000 0.886948
0.752000 0.888649
0.754000 0.890324
0.756000 0.891973
0.758000 0.893598
0.760000 0.895197
0.762000 0.896772
0.764000 0.898322
0.766000 0.899849
0.768000 0.901351
0.770000 0.902830
0.772000 0.904286
0.774000 0.905719
0.776000 0.907129
0.778000 0.908517
0.780000 0.909883
0.782000 0.911227
0.784000 0.912549
0.786000 0.913851
0.788000 0.915131
0.790000 0.916390
0.792000 0.917630
0.794000 0.918849
0.796000 0.920048
0.798000 0.921228
0.800000 0.922388
0.802000 0.923529
0.804000 0.924652
0.806000 0.925756
0.808000 0.926843
0.810000 0.927911
0.812000 0.928962
0.814000 0.929995
0.816000 0.931012
0.818000 0.932012
0.820000 0.932995
0.822000 0.933962
0.824000 0.934914
0.826000 0.935849
0.828000 0.936770
0.830000 0.937675
0.832000 0.938566
0.834000 0.939442
0.836000 0.940304
0.838000 0.941152
0.840000 0.941987
0.842000 0.942808
0.844000 0.943617
0.846000 0.944412
0.848000 0.945195
0.850000 0.945966
0.852000 0.946725
0.854000 0.947472
0.856000 0.948208
0.858000 0.948933
0.860000 0.949647
0.862000 0.950352
0.864000 0.951055
0.866000 0.951758
0.868000 0.952461
0.870000 0.953163
0.872000 0.953864
0.874000 0.954564
0.876000 0.955262
0.878000 0.955960
0.880000 0.956656
0.882000 0.957350
0.884000 0.958043
0.886000 0.958733
0.888000 0.959421
0.890000 0.960107
0.892000 0.960791
0.894000 0.961472
0.896000 0.962150
0.898000 0.962825
0.900000 0.963497
0.902000 0.964165
0.904000 0.964831
0.906000 0.965492
0.908000 0.966150
0.910000 0.966804
0.912000 0.967453
0.914000 0.968099
0.916000 0.968740
0.918000 0.969376
0.920000 0.970007
0.922000 0.970634
0.924000 0.971255
0.926000 0.971872
0.928000 0.972482
0.930000 0.973088
0.932000 0.973687
0.934000 0.974280
0.936000 0.974868
0.938000 0.975449
0.940000 0.976024
0.942000 0.976592
0.944000 0.977153
0.946000 0.977708
0.948000 0.978255
0.950000 0.978795
0.952000 0.979328
0.954000 0.979853
0.956000 0.980370
0.958000 0.980880
0.960000 0.981381
0.962000 0.981875
0.964000 0.982360
0.966000 0.982836
0.968000 0.983304
0.970000 0.983762
0.972000 0.984212
0.974000 0.984653
0.976000 0.985084
0.978000 0.985505
0.980000 0.985917
0.982000 0.986319
0.984000 0.986711
0.986000 0.987093
0.988000 0.987465
0.990000 0.987826
0.992000 0.988176
0.994000 0.988515
0.996000 0.988844
0.998000 0.989161
1.000000 0.989467
1.002000 0.989761
1.004000 0.990044
1.006000 0.990315
1.008000 0.990574
1.010000 0.990821
1.012000 0.991055
1.014000 0.991277
1.016000 0.991487
1.018000 0.991683
1.020000 0.991867
1.022000 0.992037
1.024000 0.992194
1.026000 0.992338
1.028000 0.992468
1.030000 0.992584
1.032000 0.992687
1.034000 0.992775
1.036000 0.992849
1.038000 0.992908
1.040000 0.992953
1.042000 0.992983
1.044000 0.992998
1.046000 0.992987
1.048000 0.992884
1.050000 0.992679
1.052000 0.992375
1.054000 0.991971
1.056000 0.991471
1.058000 0.990875
1.060000 0.990185
1.062000 0.989403
1.064000 0.988530
1.066000 0.987567
1.068000 0.986516
1.070000 0.985379
1.072000 0.984158
1.074000 0.982852
1.076000 0.981465
1.078000 0.979998
1.080000 0.978452
1.082000 0.976828
1.084000 0.975129
1.086000 0.973356
1.088000 0.971509
1.090000 0.969592
1.092000 0.967605
1.094000 0.965550
1.096000 0.963428
1.098000 0.961241
1.100000 0.958990
1.102000 0.956678
1.104000 0.954305
1.106000 0.951872
1.108000 0.949383
1.110000 0.946837
1.112000 0.944237
1.114000 0.941584
1.116000 0.938879
1.118000 0.936124
1.120000 0.933321
1.122000 0.930472
1.124000 0.927577
1.126000 0.924638
1.128000 0.921656
1.130000 0.918634
1.132000 0.915573
1.134000 0.912474
1.136000 0.909338
1.138000 0.906168
1.140000 0.902965
1.142000 0.899730
1.144000 0.896465
1.146000 0.893171
1.148000 0.889850
1.150000 0.886504
1.152000 0.883133
1.154000 0.879740
1.156000 0.876326
1.158000 0.872892
1.160000 0.869441
1.162000 0.865973
1.164000 0.862490
1.166000 0.858993
1.168000 0.855485
1.170000 0.851966
1.172000 0.848438
1.174000 0.844903
1.176000 0.841362
1.178000 0.837817
1.180000 0.834269
1.182000 0.830720
1.184000 0.827171
1.186000 0.823623
1.188000 0.820079
1.190000 0.816540
1.192000 0.813007
1.194000 0.809482
1.196000 0.805967
1.198000 0.802462
1.200000 0.798970
1.202000 0.795491
1.204000 0.792028
1.206000 0.788582
1.208000 0.785155
1.210000 0.781747
1.212000 0.778361
1.214000 0.774998
1.216000 0.771660
1.218000 0.768334
1.220000 0.764947
1.222000 0.761487
1.224000 0.757954
1.226000 0.754351
1.228000 0.750679
1.230000 0.746938
1.232000 0.743131
1.234000 0.739259
1.236000 0.735322
1.238000 0.731323
1.240000 0.727263
1.242000 0.723143
1.244000 0.718964
1.246000 0.714728
1.248000 0.710436
1.250000 0.706090
1.252000 0.701690
1.254000 0.697239
1.256000 0.692736
1.258000 0.688185
1.260000 0.683586
1.262000 0.678941
1.264000 0.674250
1.266000 0.669515
1.268000 0.664738
1.270000 0.659920
1.272000 0.655063
1.274000 0.650166
1.276000 0.645233
1.278000 0.640264
1.280000 0.635260
1.282000 0.630224
1.284000 0.625156
1.286000 0.620057
1.288000 0.614930
1.290000 0.609774
1.292000 0.604593
1.294000 0.599386
1.296000 0.594156
1.298000 0.588904
1.300000 0.583630
1.302000 0.578337
1.304000 0.573026
1.306000 0.567698
1.308000 0.562354
1.310000 0.556996
1.312000 0.551625
1.314000 0.546243
1.316000 0.540850
1.318000 0.535449
1.320000 0.530040
1.322000 0.524624
1.324000 0.519204
1.326000 0.513781
1.328000 0.508356
1.330000 0.502929
1.332000 0.497503
1.334000 0.492079
1.336000 0.486659
1.338000 0.481243
1.340000 0.475833
1.342000 0.470430
1.344000 0.465036
1.346000 0.459651
1.348000 0.454279
1.350000 0.448918
1.352000 0.443572
1.354000 0.438241
1.356000 0.432927
1.358000 0.427631
1.360000 0.422354
1.362000 0.417098
1.364000 0.411864
1.366000 0.406653
1.368000 0.401467
1.370000 0.396307
1.372000 0.391175
1.374000 0.386071
1.376000 0.380998
1.378000 0.375956
1.380000 0.370947
1.382000 0.365972
1.384000 0.361032
1.386000 0.356130
1.388000 0.351265
1.390000 0.346441
1.392000 0.341657
1.394000 0.336915
1.396000 0.332217
1.398000 0.327563
1.400000 0.322956
1.402000 0.318397
1.404000 0.313886
1.406000 0.309426
1.408000 0.305018
1.410000 0.300662
1.412000 0.296361
1.414000 0.292115
1.416000 0.287927
1.418000 0.283797
1.420000 0.279726
1.422000 0.275717
1.424000 0.271770
1.426000 0.267886
1.428000 0.264068
1.430000 0.260316
1.432000 0.256632
1.434000 0.253017
1.436000 0.249473
1.438000 0.246000
1.440000 0.242549
1.442000 0.239070
1.444000 0.235565
1.446000 0.232035
1.448000 0.228481
1.450000 0.224905
1.452000 0.221309
1.454000 0.217694
1.456000 0.214061
1.458000 0.210412
1.460000 0.206749
1.462000 0.203073
1.464000 0.199386
1.466000 0.195688
1.468000 0.191982
1.470000 0.188270
1.472000 0.184551
1.474000 0.180829
1.476000 0.177105
1.478000 0.173379
1.480000 0.169654
1.482000 0.165931
1.484000 0.162212
1.486000 0.158498
1.488000 0.154790
1.490000 0.151091
1.492000 0.147401
1.494000 0.143722
1.496000 0.140056
1.498000 0.136404
1.500000 0.132768
1.502000 0.129149
1.504000 0.125548
1.506000 0.121968
1.508000 0.118409
1.510000 0.114873
1.512000 0.111362
1.514000 0.107877
1.516000 0.104420
1.518000 0.100992
1.520000 0.097594
1.522000 0.094229
1.524000 0.090897
1.526000 0.087601
1.528000 0.084341
1.530000 0.081120
1.532000 0.077938
1.534000 0.074797
1.536000 0.071699
1.538000 0.068645
1.540000 0.065637
1.542000 0.062676
1.544000 0.059764
1.546000 0.056902
1.548000 0.054092
1.550000 0.051335
1.552000 0.048632
1.554000 0.045986
1.556000 0.043398
1.558000 0.040869
1.560000 0.038400
1.562000 0.035994
1.564000 0.033652
1.566000 0.031375
1.568000 0.029164
1.570000 0.027022
1.572000 0.024950
1.574000 0.022949
1.576000 0.021021
1.578000 0.019167
1.580000 0.017388
1.582000 0.015687
1.584000 0.014065
1.586000 0.012523
1.588000 0.011063
1.590000 0.009686
1.592000 0.008394
1.594000 0.007189
1.596000 0.006071
1.598000 0.005042
1.600000 0.004105
1.602000 0.003259
1.604000 0.002508
1.606000 0.001851
1.608000 0.001292
1.610000 0.000831
1.612000 0.000470
1.614000 0.000210
1.616000 0.000053
1.618000 0.000000
1.620000 0.000000
1.622000 0.000000
1.624000 0.000000
1.626000 0.000000
1.628000 0.000000
1.630000 0.000000
1.632000 0.000000
1.634000 0.000000
1.636000 0.000000
1.638000 0.000000
1.640000 0.000000
1.642000 0.000000
1.644000 0.000000
1.646000 0.000000
1.648000 0.000000
1.650000 0.000000
1.652000 0.000000
1.654000 0.000000
1.656000 0.000000
1.658000 0.000000
1.660000 0.000000
1.662000 0.000000
1.664000 0.000000
1.666000 0.000000
1.668000 0.000000
1.670000 0.000000
1.672000 0.000000
1.674000 0.000000
1.676000 0.000000
1.678000 0.000000
1.680000 0.000000
1.682000 0.000000
1.684000 0.000000
1.686000 0.000000
1.688000 0.000000
1.690000 0.000000
1.692000 0.000000
1.694000 0.000000
1.696000 0.000000
1.698000 0.000000
1.700000 0.000000
1.702000 0.000000
1.704000 0.000000
1.706000 0.000000
1.708000 0.000000
1.710000 0.000000
1.712000 0.000000
1.714000 0.000000
1.716000 0.000000
1.718000 0.000000
1.720000 0.000000
1.722000 0.000000
1.724000 0.000000
1.726000 0.000000
1.728000 0.000000
1.730000 0.000000
1.732000 0.000000
1.734000 0.000000
1.736000 0.000000
1.738000 0.000000
1.740000 0.000000
1.742000 0.000000
1.744000 0.000000
1.746000 0.000000
1.748000 0.000000
1.750000 0.000000
1.752000 0.000000
1.754000 0.000000
1.756000 0.000000
1.758000 0.000000
1.760000 0.000000
1.762000 0.000000
1.764000 0.000000
1.766000 0.000000
1.768000 0.000000
1.770000 0.000000
1.772000 0.000000
1.774000 0.000000
1.776000 0.000000
1.778000 0.000000
1.780000 0.000000
1.782000 0.000000
1.784000 0.000000
1.786000 0.000000
1.788000 0.000000
1.790000 0.000000
1.792000 0.000000
1.794000 0.000000
1.796000 0.000000
1.798000 0.000000
1.800000 0.000000
1.802000 0.000000
1.804000 0.000000
1.806000 0.000000
1.808000 0.000000
1.810000 0.000000
1.812000 0.000000
1.814000 0.000000
1.816000 0.000000
1.818000 0.000000
1.820000 0.000000
1.822000 0.000000
1.824000 0.000000
1.826000 0.000000
1.828000 0.000000
1.830000 0.000000
1.832000 0.000000
1.834000 0.000000
1.836000 0.000000
1.838000 0.000000
1.840000 0.000000
1.842000 0.000000
1.844000 0.000000
1.846000 0.000000
1.848000 0.000000
1.850000 0.000000
1.852000 0.000000
1.854000 0.000000
1.856000 0.000000
1.858000 0.000000
1.860000 0.000000
1.862000 0.000000
1.864000 0.000000
1.866000 0.000000
1.868000 0.000000
1.870000 0.000000
1.872000 0.000000
1.874000 0.000000
1.876000 0.000000
1.878000 0.000000
1.880000 0.000000
1.882000 0.000000
1.884000 0.000000
1.886000 0.000000
1.888000 0.000000
1.890000 0.000000
1.892000 0.000000
1.894000 0.000000
1.896000 0.000000
1.898000 0.000000
1.900000 0.000000
1.902000 0.000000
1.904000 0.000000
1.906000 0.000000
1.908000 0.000000
1.910000 0.000000
1.912000 0.000000
1.914000 0.000000
1.916000 0.000000
1.918000 0.000000
1.920000 0.000000
1.922000 0.000000
1.924000 0.000000
1.926000 0.000000
1.928000 0.000000
1.930000 0.000000
1.932000 0.000000
1.934000 0.000000
1.936000 0.000000
1.938000 0.000000
1.940000 0.000000
1.942000 0.000000
1.944000 0.000000
1.946000 0.000000
1.948000 0.000000
1.950000 0.000000
1.952000 0.000000
1.954000 0.000000
1.956000 0.000000
1.958000 0.000000
1.960000 0.000000
1.962000 0.000000
1.964000 0.000000
1.966000 0.000000
1.968000 0.000000
1.970000 0.000000
1.972000 0.000000
1.974000 0.000000
1.976000 0.000000
1.978000 0.000000
1.980000 0.000000
1.982000 0.000000
1.984000 0.000000
1.986000 0.000000
1.988000 0.000000
1.990000 0.000000
1.992000 0.000000
1.994000 0.000000
1.996000 0.000000
1.998000 0.000000
2.000000 0.000000
